{
 "cells": [
  {
   "cell_type": "code",
   "execution_count": 59,
   "metadata": {},
   "outputs": [],
   "source": [
    "from pathlib import Path\n",
    "from glob import glob\n",
    "from itertools import cycle\n",
    "\n",
    "import numpy as np\n",
    "import matplotlib.pyplot as plt\n",
    "import matplotlib.ticker as ticker\n",
    "from matplotlib.ticker import MultipleLocator\n",
    "from scipy.interpolate import make_interp_spline, BSpline\n",
    "from matplotlib.colors import to_hex,to_rgb,to_rgba\n",
    "\n",
    "# interactive plots\n",
    "%matplotlib widget\n",
    "\n",
    "import matrix_r  # module to calculate of matriz distance\n",
    "import functions  # module with all the individuals function to do analysis\n",
    "import distance_matrix\n",
    "import atoms_index_list\n",
    "import histogram\n",
    "from atoms_transfer import stern_limbach"
   ]
  },
  {
   "cell_type": "code",
   "execution_count": 60,
   "metadata": {},
   "outputs": [],
   "source": [
    "working_dir: Path = Path(\"/home/edison/repositories/radial_distribution\")\n",
    "\n",
    "if not working_dir.exists():\n",
    "    raise FileNotFoundError(f\"{working_dir} does not exist\")\n"
   ]
  },
  {
   "cell_type": "code",
   "execution_count": 61,
   "metadata": {},
   "outputs": [
    {
     "data": {
      "text/plain": [
       "{'/home/edison/repositories/radial_distribution/zora_so/w1s1.xyz':   element  x-coordinate  y-coordinate  z-coordinate\n",
       " 0      Hg     -0.225130      0.010739       0.00000\n",
       " 1       O      1.821376     -0.090165       0.00000\n",
       " 2       H      2.325945      0.187310       0.79892\n",
       " 3       H      2.325945      0.177310      -0.79892}"
      ]
     },
     "execution_count": 61,
     "metadata": {},
     "output_type": "execute_result"
    }
   ],
   "source": [
    "dir_water: Path = working_dir / \"files_xyz\" / \"others\" / \"water\"\n",
    "\n",
    "files_ice: list = glob(str(dir_water / \"ice_ih\" / \"w_iceih.xyz\"))\n",
    "files_water4: list = glob(str(dir_water / \"w4\" / \"w*.xyz\"))\n",
    "files_water5: list = glob(str(dir_water / \"w5\" / \"w*.xyz\"))\n",
    "files_water6: list = glob(str(dir_water / \"w6\" / \"w*.xyz\"))\n",
    "# files_water7: list = glob(str(dir_water / \"w7\" / \"w*.xyz\"))\n",
    "files_water7: list = glob(str(dir_water / \"w*\" / \"w*.xyz\"))\n",
    "\n",
    "coordinates_ice: list = functions.dict_coordinates_xyz(files_ice)\n",
    "coordinates_water4: list = functions.dict_coordinates_xyz(files_water4)\n",
    "coordinates_water5: list = functions.dict_coordinates_xyz(files_water5)\n",
    "coordinates_water6: list = functions.dict_coordinates_xyz(files_water6)\n",
    "coordinates_water7: list = functions.dict_coordinates_xyz(files_water7)\n",
    "\n",
    "dir_zora: Path = working_dir / \"zora_so\"\n",
    "files_w1: list = glob(str(dir_zora / \"w1s*.xyz\"))\n",
    "files_w2: list = glob(str(dir_zora / \"w2s*.xyz\"))\n",
    "files_w3: list = glob(str(dir_zora / \"w3s*.xyz\"))\n",
    "files_w4: list = glob(str(dir_zora / \"w4s*.xyz\"))\n",
    "files_w5: list = glob(str(dir_zora / \"w5s*.xyz\"))\n",
    "files_w6: list = glob(str(dir_zora / \"w6s*.xyz\"))\n",
    "\n",
    "coordinates_w1: dict = functions.dict_coordinates_xyz(files_w1)\n",
    "coordinates_w2: dict = functions.dict_coordinates_xyz(files_w2)\n",
    "coordinates_w3: dict = functions.dict_coordinates_xyz(files_w3)\n",
    "coordinates_w4: dict = functions.dict_coordinates_xyz(files_w4)\n",
    "coordinates_w5: dict = functions.dict_coordinates_xyz(files_w5)\n",
    "coordinates_w6: dict = functions.dict_coordinates_xyz(files_w6)\n",
    "\n",
    "coordinates_w1\n"
   ]
  },
  {
   "cell_type": "code",
   "execution_count": null,
   "metadata": {},
   "outputs": [],
   "source": []
  },
  {
   "cell_type": "code",
   "execution_count": 62,
   "metadata": {},
   "outputs": [],
   "source": [
    "dir_other: Path = working_dir / \"files_xyz\"\n",
    "\n",
    "files_hf: list = glob(str(dir_other / \"hf\" / \"*.xyz\"))\n",
    "files_pbe0: list = glob(str(dir_other / \"pbe0\" / \"*.xyz\"))\n",
    "files_camb3lyp: list = glob(str(dir_other / \"camb3lyp\" / \"*.xyz\"))\n",
    "files_wb97xd: list = glob(str(dir_other / \"wb97xd_grimmeD2\" / \"*.xyz\"))\n",
    "files_b2plypd3: list = glob(str(dir_other / \"b2plypd3\" / \"*.xyz\"))\n",
    "files_pbeqidh: list = glob(str(dir_other / \"pbeqidh\" / \"*.xyz\"))\n",
    "files_mp2: list = glob(str(dir_other / \"mp2\" / \"*.xyz\"))\n",
    "files_zora_nr: list = glob(str(dir_other / \"zora\" / \"c\" / \"*.xyz\"))\n",
    "files_zora_sr: list = glob(str(dir_other / \"zora\" / \"sr\" / \"*.xyz\"))\n",
    "files_zora_so: list = glob(str(dir_other / \"zora\" / \"so\" / \"*.xyz\"))\n",
    "\n",
    "\n",
    "coordinates_hf: dict = functions.dict_coordinates_xyz(files_hf)\n",
    "coordinates_pbe0: dict = functions.dict_coordinates_xyz(files_pbe0)\n",
    "coordinates_camb3lyp: dict = functions.dict_coordinates_xyz(files_camb3lyp)\n",
    "coordinates_wb97xd: dict = functions.dict_coordinates_xyz(files_wb97xd)\n",
    "coordinates_b2plypd3: dict = functions.dict_coordinates_xyz(files_b2plypd3)\n",
    "coordinates_pbeqidh: dict = functions.dict_coordinates_xyz(files_pbeqidh)\n",
    "coordinates_mp2: dict = functions.dict_coordinates_xyz(files_mp2)\n",
    "coordinates_zora_nr: dict = functions.dict_coordinates_xyz(files_zora_nr)\n",
    "coordinates_zora_sr: dict = functions.dict_coordinates_xyz(files_zora_sr)\n",
    "coordinates_zora_so: dict = functions.dict_coordinates_xyz(files_zora_so)\n"
   ]
  },
  {
   "cell_type": "code",
   "execution_count": 63,
   "metadata": {},
   "outputs": [
    {
     "data": {
      "text/plain": [
       "{'/home/edison/repositories/radial_distribution/files_xyz/mp2/w5s7.xyz':    atoms         0         1         2         3         4         5  \\\n",
       " 0     Hg  0.000000  2.383257  2.989609  3.058074  2.151334  2.816800   \n",
       " 1      O  2.383257  0.000000  0.966285  0.966598  2.860677  3.770227   \n",
       " 2      H  2.989609  0.966285  0.000000  1.536827  3.399089  4.352765   \n",
       " 3      H  3.058074  0.966598  1.536827  0.000000  3.579619  4.410336   \n",
       " 4      O  2.151334  2.860677  3.399089  3.579619  0.000000  0.968779   \n",
       " 5      H  2.816800  3.770227  4.352765  4.410336  0.968779  0.000000   \n",
       " 6      H  2.708972  2.555218  3.071155  3.155471  0.969210  1.563908   \n",
       " 7      O  3.913819  5.703443  6.481171  5.849703  5.387064  5.461692   \n",
       " 8      H  4.532217  6.506715  7.254153  6.725388  5.928466  5.910116   \n",
       " 9      H  4.578106  6.092433  6.892944  6.091536  6.059518  6.158283   \n",
       " 10     O  2.041075  3.767066  4.361907  4.095809  4.090583  4.559660   \n",
       " 11     H  2.776995  4.589384  5.283538  4.828828  4.573702  4.854593   \n",
       " 12     H  2.640925  4.245228  4.673092  4.609865  4.760222  5.282619   \n",
       " 13     O  2.349788  3.125244  2.995284  4.059408  2.981526  3.738967   \n",
       " 14     H  3.044594  3.774738  3.505716  4.652210  3.940898  4.676256   \n",
       " 15     H  2.970362  3.671284  3.503371  4.635967  2.941765  3.578101   \n",
       " \n",
       "            6         7         8         9        10        11        12  \\\n",
       " 0   2.708972  3.913819  4.532217  4.578106  2.041075  2.776995  2.640925   \n",
       " 1   2.555218  5.703443  6.506715  6.092433  3.767066  4.589384  4.245228   \n",
       " 2   3.071155  6.481171  7.254153  6.892944  4.361907  5.283538  4.673092   \n",
       " 3   3.155471  5.849703  6.725388  6.091536  4.095809  4.828828  4.609865   \n",
       " 4   0.969210  5.387064  5.928466  6.059518  4.090583  4.573702  4.760222   \n",
       " 5   1.563908  5.461692  5.910116  6.158283  4.559660  4.854593  5.282619   \n",
       " 6   0.000000  5.979114  6.608833  6.553004  4.644968  5.165287  5.337954   \n",
       " 7   5.979114  0.000000  0.965037  0.965404  2.438552  1.370124  2.956219   \n",
       " 8   6.608833  0.965037  0.000000  1.547520  3.079610  2.048548  3.428040   \n",
       " 9   6.553004  0.965404  1.547520  0.000000  3.019886  2.024652  3.499314   \n",
       " 10  4.644968  2.438552  3.079610  3.019886  0.000000  1.070760  0.966427   \n",
       " 11  5.165287  1.370124  2.048548  2.024652  1.070760  0.000000  1.675725   \n",
       " 12  5.337954  2.956219  3.428040  3.499314  0.966427  1.675725  0.000000   \n",
       " 13  3.460215  5.927073  6.370416  6.668781  3.769601  4.684399  3.811368   \n",
       " 14  4.416051  6.292008  6.680190  7.026403  4.051002  5.005046  3.855981   \n",
       " 15  3.420364  6.564936  6.952491  7.353184  4.566930  5.402219  4.666671   \n",
       " \n",
       "           13        14        15  \n",
       " 0   2.349788  3.044594  2.970362  \n",
       " 1   3.125244  3.774738  3.671284  \n",
       " 2   2.995284  3.505716  3.503371  \n",
       " 3   4.059408  4.652210  4.635967  \n",
       " 4   2.981526  3.940898  2.941765  \n",
       " 5   3.738967  4.676256  3.578101  \n",
       " 6   3.460215  4.416051  3.420364  \n",
       " 7   5.927073  6.292008  6.564936  \n",
       " 8   6.370416  6.680190  6.952491  \n",
       " 9   6.668781  7.026403  7.353184  \n",
       " 10  3.769601  4.051002  4.566930  \n",
       " 11  4.684399  5.005046  5.402219  \n",
       " 12  3.811368  3.855981  4.666671  \n",
       " 13  0.000000  0.966093  0.966075  \n",
       " 14  0.966093  0.000000  1.536722  \n",
       " 15  0.966075  1.536722  0.000000  ,\n",
       " '/home/edison/repositories/radial_distribution/files_xyz/mp2/w2s1.xyz':   atoms         0         1         2         3         4         5         6\n",
       " 0    Hg  0.000000  2.002985  2.655729  2.654230  2.002865  2.656279  2.654369\n",
       " 1     O  2.002985  0.000000  0.976266  0.976423  4.004762  4.615825  4.590586\n",
       " 2     H  2.655729  0.976266  0.000000  1.593604  4.615022  5.145897  5.186565\n",
       " 3     H  2.654230  0.976423  1.593604  0.000000  4.590420  5.186685  5.224375\n",
       " 4     O  2.002865  4.004762  4.615022  4.590420  0.000000  0.976235  0.976387\n",
       " 5     H  2.656279  4.615825  5.145897  5.186685  0.976235  0.000000  1.593656\n",
       " 6     H  2.654369  4.590586  5.186565  5.224375  0.976387  1.593656  0.000000,\n",
       " '/home/edison/repositories/radial_distribution/files_xyz/mp2/w5s5.xyz':    atoms         0         1         2         3         4         5  \\\n",
       " 0     Hg  0.000000  2.476439  3.157390  3.157492  1.992162  2.761174   \n",
       " 1      O  2.476439  0.000000  0.964459  0.964459  3.236363  3.433535   \n",
       " 2      H  3.157390  0.964459  0.000000  1.530762  3.948956  3.955251   \n",
       " 3      H  3.157492  0.964459  1.530762  0.000000  3.632443  3.829023   \n",
       " 4      O  1.992162  3.236363  3.948956  3.632443  0.000000  1.103796   \n",
       " 5      H  2.761174  3.433535  3.955251  3.829023  1.103796  0.000000   \n",
       " 6      H  2.573374  4.147842  4.896483  4.495055  0.968105  1.708196   \n",
       " 7      O  3.873678  4.002712  4.277960  4.355688  2.415245  1.312660   \n",
       " 8      H  4.461573  4.824708  5.026312  5.256855  3.036721  1.982674   \n",
       " 9      H  4.554601  4.335068  4.606895  4.492507  2.985620  1.962392   \n",
       " 10     O  1.992301  3.230963  3.627591  3.944756  3.981886  4.699314   \n",
       " 11     H  2.573725  4.143252  4.490835  4.892755  4.471212  5.198004   \n",
       " 12     H  2.760154  3.425543  3.822187  3.948520  4.698159  5.462404   \n",
       " 13     O  3.873179  3.993639  4.348054  4.269387  5.692394  6.469403   \n",
       " 14     H  4.553997  4.324596  4.483174  4.596566  6.400692  7.087488   \n",
       " 15     H  4.461469  4.816373  5.249788  5.018397  6.219620  7.086176   \n",
       " \n",
       "            6         7         8         9        10        11        12  \\\n",
       " 0   2.573374  3.873678  4.461573  4.554601  1.992301  2.573725  2.760154   \n",
       " 1   4.147842  4.002712  4.824708  4.335068  3.230963  4.143252  3.425543   \n",
       " 2   4.896483  4.277960  5.026312  4.606895  3.627591  4.490835  3.822187   \n",
       " 3   4.495055  4.355688  5.256855  4.492507  3.944756  4.892755  3.948520   \n",
       " 4   0.968105  2.415245  3.036721  2.985620  3.981886  4.471212  4.698159   \n",
       " 5   1.708196  1.312660  1.982674  1.962392  4.699314  5.198004  5.462404   \n",
       " 6   0.000000  2.927477  3.371214  3.447841  4.470990  4.826291  5.196431   \n",
       " 7   2.927477  0.000000  0.965974  0.966087  5.693303  6.197755  6.469177   \n",
       " 8   3.371214  0.965974  0.000000  1.552835  6.220109  6.612201  7.085603   \n",
       " 9   3.447841  0.966087  1.552835  0.000000  6.401839  6.979995  7.087525   \n",
       " 10  4.470990  5.693303  6.220109  6.401839  0.000000  0.968110  1.103148   \n",
       " 11  4.826291  6.197755  6.612201  6.979995  0.968110  0.000000  1.707520   \n",
       " 12  5.196431  6.469177  7.085603  7.087525  1.103148  1.707520  0.000000   \n",
       " 13  6.196249  7.462422  8.156641  7.983255  2.415646  2.927703  1.313706   \n",
       " 14  6.978406  7.983110  8.670056  8.496880  2.986077  3.448658  1.963403   \n",
       " 15  6.611043  8.156816  8.851102  8.670260  3.037362  3.371411  1.983854   \n",
       " \n",
       "           13        14        15  \n",
       " 0   3.873179  4.553997  4.461469  \n",
       " 1   3.993639  4.324596  4.816373  \n",
       " 2   4.348054  4.483174  5.249788  \n",
       " 3   4.269387  4.596566  5.018397  \n",
       " 4   5.692394  6.400692  6.219620  \n",
       " 5   6.469403  7.087488  7.086176  \n",
       " 6   6.196249  6.978406  6.611043  \n",
       " 7   7.462422  7.983110  8.156816  \n",
       " 8   8.156641  8.670056  8.851102  \n",
       " 9   7.983255  8.496880  8.670260  \n",
       " 10  2.415646  2.986077  3.037362  \n",
       " 11  2.927703  3.448658  3.371411  \n",
       " 12  1.313706  1.963403  1.983854  \n",
       " 13  0.000000  0.966070  0.965961  \n",
       " 14  0.966070  0.000000  1.552708  \n",
       " 15  0.965961  1.552708  0.000000  ,\n",
       " '/home/edison/repositories/radial_distribution/files_xyz/mp2/w4s3.xyz':    atoms         0         1         2         3         4         5  \\\n",
       " 0      H  0.000000  0.967518  1.570026  5.626979  5.271497  3.631580   \n",
       " 1      O  0.967518  0.000000  0.967076  4.844350  4.597359  2.997423   \n",
       " 2      H  1.570026  0.967076  0.000000  5.264049  5.160687  3.599504   \n",
       " 3      H  5.626979  4.844350  5.264049  0.000000  0.970921  2.396637   \n",
       " 4      O  5.271497  4.597359  5.160687  0.970921  0.000000  1.857291   \n",
       " 5      H  3.631580  2.997423  3.599504  2.396637  1.857291  0.000000   \n",
       " 6      H  9.036223  8.616070  9.363294  4.914353  4.551167  6.099929   \n",
       " 7      O  8.613145  8.167674  8.897803  4.386678  3.961166  5.486389   \n",
       " 8      H  9.362009  8.890608  9.590449  4.915397  4.549797  6.088293   \n",
       " 9      H  1.834267  1.187358  1.849860  3.993771  3.643974  1.897453   \n",
       " 10     O  2.932432  2.389904  2.997262  3.339636  2.832994  0.978641   \n",
       " 11     H  3.493668  2.974759  3.387515  3.708932  3.253988  1.587261   \n",
       " 12    Hg  6.846235  6.299839  6.965272  2.405993  1.926930  3.560040   \n",
       " \n",
       "            6         7         8         9        10        11        12  \n",
       " 0   9.036223  8.613145  9.362009  1.834267  2.932432  3.493668  6.846235  \n",
       " 1   8.616070  8.167674  8.890608  1.187358  2.389904  2.974759  6.299839  \n",
       " 2   9.363294  8.897803  9.590449  1.849860  2.997262  3.387515  6.965272  \n",
       " 3   4.914353  4.386678  4.915397  3.993771  3.339636  3.708932  2.405993  \n",
       " 4   4.551167  3.961166  4.549797  3.643974  2.832994  3.253988  1.926930  \n",
       " 5   6.099929  5.486389  6.088293  1.897453  0.978641  1.587261  3.560040  \n",
       " 6   0.000000  0.970779  1.574252  7.769910  6.952114  7.388146  2.674095  \n",
       " 7   0.970779  0.000000  0.970811  7.238451  6.328766  6.674224  2.037011  \n",
       " 8   1.574252  0.970811  0.000000  7.904850  6.922646  7.159053  2.673601  \n",
       " 9   7.769910  7.238451  7.904850  0.000000  1.204656  1.849549  5.355025  \n",
       " 10  6.952114  6.328766  6.922646  1.204656  0.000000  0.965236  4.468517  \n",
       " 11  7.388146  6.674224  7.159053  1.849549  0.965236  0.000000  4.846180  \n",
       " 12  2.674095  2.037011  2.673601  5.355025  4.468517  4.846180  0.000000  ,\n",
       " '/home/edison/repositories/radial_distribution/files_xyz/mp2/w4s2.xyz':    atoms         0         1         2         3         4         5  \\\n",
       " 0      H  0.000000  0.971951  1.581726  5.144530  4.546299  5.191550   \n",
       " 1      O  0.971951  0.000000  0.971950  4.604974  3.949708  4.574816   \n",
       " 2      H  1.581726  0.971950  0.000000  5.143372  4.546369  5.192394   \n",
       " 3      H  5.144530  4.604974  5.143372  0.000000  1.083439  1.876062   \n",
       " 4      O  4.546299  3.949708  4.546369  1.083439  0.000000  1.084716   \n",
       " 5      H  5.191550  4.574816  5.192394  1.876062  1.084716  0.000000   \n",
       " 6      H  6.708952  6.165029  6.521080  2.017279  3.043405  3.646023   \n",
       " 7      O  6.015604  5.548956  6.013357  1.343857  2.425937  3.138140   \n",
       " 8      H  6.523273  6.165039  6.706483  2.017140  3.043115  3.646198   \n",
       " 9      H  6.795971  6.098519  6.614612  3.648108  3.043536  2.015955   \n",
       " 10     O  6.101246  5.485669  6.102928  3.137601  2.424736  1.341548   \n",
       " 11     H  6.613117  6.098931  6.797948  3.648127  3.043275  2.015859   \n",
       " 12    Hg  2.668920  2.020387  2.668926  2.647138  1.929777  2.643099   \n",
       " \n",
       "            6         7         8         9        10        11        12  \n",
       " 0   6.708952  6.015604  6.523273  6.795971  6.101246  6.613117  2.668920  \n",
       " 1   6.165029  5.548956  6.165039  6.098519  5.485669  6.098931  2.020387  \n",
       " 2   6.521080  6.013357  6.706483  6.614612  6.102928  6.797948  2.668926  \n",
       " 3   2.017279  1.343857  2.017140  3.648108  3.137601  3.648127  2.647138  \n",
       " 4   3.043405  2.425937  3.043115  3.043536  2.424736  3.043275  1.929777  \n",
       " 5   3.646023  3.138140  3.646198  2.015955  1.341548  2.015859  2.643099  \n",
       " 6   0.000000  0.965511  1.551911  4.922204  4.692754  5.161258  4.388920  \n",
       " 7   0.965511  0.000000  0.965512  4.695658  4.287380  4.695818  3.745407  \n",
       " 8   1.551911  0.965512  0.000000  5.161606  4.693171  4.922835  4.388816  \n",
       " 9   4.922204  4.695658  5.161606  0.000000  0.965515  1.552400  4.377169  \n",
       " 10  4.692754  4.287380  4.693171  0.965515  0.000000  0.965516  3.733757  \n",
       " 11  5.161258  4.695818  4.922835  1.552400  0.965516  0.000000  4.377354  \n",
       " 12  4.388920  3.745407  4.388816  4.377169  3.733757  4.377354  0.000000  ,\n",
       " '/home/edison/repositories/radial_distribution/files_xyz/mp2/w5s8.xyz':    atoms         0         1         2         3         4         5  \\\n",
       " 0      H  0.000000  0.966354  1.553414  4.691569  4.089809  4.498128   \n",
       " 1      O  0.966354  0.000000  0.966354  3.739647  3.186098  3.673118   \n",
       " 2      H  1.553414  0.966354  0.000000  3.560039  3.119994  3.476561   \n",
       " 3      H  4.691569  3.739647  3.560039  0.000000  0.965852  1.542595   \n",
       " 4      O  4.089809  3.186098  3.119994  0.965852  0.000000  0.965882   \n",
       " 5      H  4.498128  3.673118  3.476561  1.542595  0.965882  0.000000   \n",
       " 6      H  3.924219  3.395091  3.923856  4.234964  4.219888  5.160126   \n",
       " 7      O  3.944664  3.337591  3.944343  3.786622  3.676210  4.615585   \n",
       " 8      H  4.887537  4.287849  4.887175  4.234913  4.220035  5.160352   \n",
       " 9      H  3.559612  3.739258  4.691274  6.010682  5.290667  5.823144   \n",
       " 10     O  3.119579  3.185808  4.089694  5.290667  4.501701  4.954481   \n",
       " 11     H  3.476439  3.673161  4.498444  5.823144  4.954481  5.245562   \n",
       " 12     H  5.487969  5.027077  5.703701  4.691795  4.090222  4.498574   \n",
       " 13     O  5.026885  4.434556  5.026958  3.739726  3.186230  3.673105   \n",
       " 14     H  5.703486  5.027011  5.487976  3.560277  3.120252  3.476586   \n",
       " 15    Hg  2.884713  2.226698  2.884733  3.005365  2.333386  3.024661   \n",
       " \n",
       "            6         7         8         9        10        11        12  \\\n",
       " 0   3.924219  3.944664  4.887537  3.559612  3.119579  3.476439  5.487969   \n",
       " 1   3.395091  3.337591  4.287849  3.739258  3.185808  3.673161  5.027077   \n",
       " 2   3.923856  3.944343  4.887175  4.691274  4.089694  4.498444  5.703701   \n",
       " 3   4.234964  3.786622  4.234913  6.010682  5.290667  5.823144  4.691795   \n",
       " 4   4.219888  3.676210  4.220035  5.290667  4.501701  4.954481  4.090222   \n",
       " 5   5.160126  4.615585  5.160352  5.823144  4.954481  5.245562  4.498574   \n",
       " 6   0.000000  0.965489  1.546366  4.234642  4.219660  5.159992  4.888326   \n",
       " 7   0.965489  0.000000  0.965489  3.786637  3.676222  4.615597  3.945567   \n",
       " 8   1.546366  0.965489  0.000000  4.235261  4.220283  5.160505  3.925741   \n",
       " 9   4.234642  3.786637  4.235261  0.000000  0.965852  1.542595  3.560685   \n",
       " 10  4.219660  3.676222  4.220283  0.965852  0.000000  0.965882  3.120651   \n",
       " 11  5.159992  4.615597  5.160505  1.542595  0.965882  0.000000  3.476693   \n",
       " 12  4.888326  3.945567  3.925741  3.560685  3.120651  3.476693  0.000000   \n",
       " 13  4.289053  3.338912  3.397071  3.740104  3.186510  3.673052  0.966352   \n",
       " 14  4.888685  3.945883  3.926098  4.692079  4.090327  4.498247  1.553442   \n",
       " 15  2.971953  2.291468  2.972125  3.005366  2.333388  3.024662  2.884716   \n",
       " \n",
       "           13        14        15  \n",
       " 0   5.026885  5.703486  2.884713  \n",
       " 1   4.434556  5.027011  2.226698  \n",
       " 2   5.026958  5.487976  2.884733  \n",
       " 3   3.739726  3.560277  3.005365  \n",
       " 4   3.186230  3.120252  2.333386  \n",
       " 5   3.673105  3.476586  3.024661  \n",
       " 6   4.289053  4.888685  2.971953  \n",
       " 7   3.338912  3.945883  2.291468  \n",
       " 8   3.397071  3.926098  2.972125  \n",
       " 9   3.740104  4.692079  3.005366  \n",
       " 10  3.186510  4.090327  2.333388  \n",
       " 11  3.673052  4.498247  3.024662  \n",
       " 12  0.966352  1.553442  2.884716  \n",
       " 13  0.000000  0.966352  2.226597  \n",
       " 14  0.966352  0.000000  2.884697  \n",
       " 15  2.226597  2.884697  0.000000  ,\n",
       " '/home/edison/repositories/radial_distribution/files_xyz/mp2/w6s12.xyz':    atoms         0         1         2         3         4         5  \\\n",
       " 0      H  0.000000  0.963638  1.543320  6.188884  6.048607  7.021467   \n",
       " 1      O  0.963638  0.000000  0.964115  5.626298  5.487599  6.442942   \n",
       " 2      H  1.543320  0.964115  0.000000  6.202684  6.130698  7.076992   \n",
       " 3      H  6.188884  5.626298  6.202684  0.000000  0.966846  1.682573   \n",
       " 4      O  6.048607  5.487599  6.130698  0.966846  0.000000  1.067806   \n",
       " 5      H  7.021467  6.442942  7.076992  1.682573  1.067806  0.000000   \n",
       " 6      H  3.603836  3.080963  3.656909  5.193642  4.567202  5.147962   \n",
       " 7      O  3.145894  2.474659  3.073339  4.472006  3.977216  4.696748   \n",
       " 8      H  2.137026  1.438623  2.103514  4.884744  4.547527  5.395376   \n",
       " 9      H  5.953922  5.466224  6.098409  5.171658  4.266587  4.319169   \n",
       " 10     O  6.041820  5.508608  6.169335  4.302883  3.375229  3.358352   \n",
       " 11     H  6.984971  6.460825  7.123661  4.605500  3.653685  3.349637   \n",
       " 12     H  8.908579  8.257574  8.814255  3.433574  3.066536  2.040201   \n",
       " 13     O  8.277832  7.693141  8.324079  2.969742  2.442130  1.376620   \n",
       " 14     H  8.838974  8.325990  9.011570  3.466549  3.008136  2.017026   \n",
       " 15     H  5.349881  4.916610  5.278409  7.018544  6.270529  6.585199   \n",
       " 16     O  4.861782  4.485659  5.003999  6.366545  5.598664  5.956471   \n",
       " 17     H  4.992486  4.796726  5.367368  6.976211  6.195764  6.566060   \n",
       " 18    Hg  4.450971  3.826376  4.488905  2.601584  1.999907  2.740541   \n",
       " \n",
       "            6         7         8         9        10        11        12  \\\n",
       " 0   3.603836  3.145894  2.137026  5.953922  6.041820  6.984971  8.908579   \n",
       " 1   3.080963  2.474659  1.438623  5.466224  5.508608  6.460825  8.257574   \n",
       " 2   3.656909  3.073339  2.103514  6.098409  6.169335  7.123661  8.814255   \n",
       " 3   5.193642  4.472006  4.884744  5.171658  4.302883  4.605500  3.433574   \n",
       " 4   4.567202  3.977216  4.547527  4.266587  3.375229  3.653685  3.066536   \n",
       " 5   5.147962  4.696748  5.395376  4.319169  3.358352  3.349637  2.040201   \n",
       " 6   0.000000  1.004690  1.721587  2.512373  2.845224  3.789632  6.610686   \n",
       " 7   1.004690  0.000000  1.039857  3.068845  3.100639  4.058996  6.297028   \n",
       " 8   1.721587  1.039857  0.000000  4.048128  4.099774  5.057999  7.115354   \n",
       " 9   2.512373  3.068845  4.048128  0.000000  0.967643  1.547194  5.233754   \n",
       " 10  2.845224  3.100639  4.099774  0.967643  0.000000  0.963504  4.317923   \n",
       " 11  3.789632  4.058996  5.057999  1.547194  0.963504  0.000000  3.900067   \n",
       " 12  6.610686  6.297028  7.115354  5.233754  4.317923  3.900067  0.000000   \n",
       " 13  6.040222  5.745984  6.549931  4.672639  3.727622  3.349516  0.965615   \n",
       " 14  6.705101  6.440826  7.215452  5.239760  4.318761  3.853837  1.545748   \n",
       " 15  2.203917  3.141280  3.752596  2.658245  3.497844  4.161056  7.610318   \n",
       " 16  1.597615  2.592482  3.251853  2.098114  2.900855  3.643049  7.135571   \n",
       " 17  2.243450  3.224629  3.714907  2.660739  3.494304  4.160678  7.798981   \n",
       " 18  2.598768  1.984391  2.666017  3.025812  2.440057  3.193441  4.491858   \n",
       " \n",
       "           13        14        15        16        17        18  \n",
       " 0   8.277832  8.838974  5.349881  4.861782  4.992486  4.450971  \n",
       " 1   7.693141  8.325990  4.916610  4.485659  4.796726  3.826376  \n",
       " 2   8.324079  9.011570  5.278409  5.003999  5.367368  4.488905  \n",
       " 3   2.969742  3.466549  7.018544  6.366545  6.976211  2.601584  \n",
       " 4   2.442130  3.008136  6.270529  5.598664  6.195764  1.999907  \n",
       " 5   1.376620  2.017026  6.585199  5.956471  6.566060  2.740541  \n",
       " 6   6.040222  6.705101  2.203917  1.597615  2.243450  2.598768  \n",
       " 7   5.745984  6.440826  3.141280  2.592482  3.224629  1.984391  \n",
       " 8   6.549931  7.215452  3.752596  3.251853  3.714907  2.666017  \n",
       " 9   4.672639  5.239760  2.658245  2.098114  2.660739  3.025812  \n",
       " 10  3.727622  4.318761  3.497844  2.900855  3.494304  2.440057  \n",
       " 11  3.349516  3.853837  4.161056  3.643049  4.160678  3.193441  \n",
       " 12  0.965615  1.545748  7.610318  7.135571  7.798981  4.491858  \n",
       " 13  0.000000  0.965987  7.141895  6.574826  7.169682  3.892561  \n",
       " 14  0.965987  0.000000  7.803721  7.180589  7.688652  4.568983  \n",
       " 15  7.141895  7.803721  0.000000  0.966204  1.530824  4.469600  \n",
       " 16  6.574826  7.180589  0.966204  0.000000  0.965836  3.806928  \n",
       " 17  7.169682  7.688652  1.530824  0.965836  0.000000  4.447433  \n",
       " 18  3.892561  4.568983  4.469600  3.806928  4.447433  0.000000  ,\n",
       " '/home/edison/repositories/radial_distribution/files_xyz/mp2/w6s24.xyz':    atoms         0         1         2         3         4         5  \\\n",
       " 0      H  0.000000  0.973694  1.579777  3.680347  3.078824  2.097459   \n",
       " 1      O  0.973694  0.000000  0.963465  3.012556  2.430426  1.371666   \n",
       " 2      H  1.579777  0.963465  0.000000  3.542903  3.093258  2.054036   \n",
       " 3      H  3.680347  3.012556  3.542903  0.000000  0.969188  1.693339   \n",
       " 4      O  3.078824  2.430426  3.093258  0.969188  0.000000  1.069910   \n",
       " 5      H  2.097459  1.371666  2.054036  1.693339  1.069910  0.000000   \n",
       " 6      H  4.859925  5.559267  6.406397  6.465385  5.868423  5.685015   \n",
       " 7      O  4.049118  4.679992  5.559298  5.535269  4.913236  4.739309   \n",
       " 8      H  3.305100  4.049101  4.859950  5.399955  4.740120  4.360696   \n",
       " 9      H  5.400085  5.535315  6.465464  5.186219  4.550697  4.955103   \n",
       " 10     O  4.740199  4.913269  5.868471  4.550687  3.970112  4.328231   \n",
       " 11     H  4.360841  4.739389  5.685124  4.955059  4.328201  4.437886   \n",
       " 12     H  2.393718  3.298430  3.705873  5.840023  5.126896  4.311497   \n",
       " 13     O  1.922071  2.871108  3.434185  5.133946  4.493947  3.727341   \n",
       " 14     H  2.423152  3.383437  3.831388  5.572620  5.059504  4.267909   \n",
       " 15     H  6.438127  5.928718  6.622267  3.752594  3.654136  4.671206   \n",
       " 16     O  5.969356  5.569567  6.347116  3.458391  3.340433  4.334290   \n",
       " 17     H  6.717075  6.371388  7.170626  4.130377  4.137679  5.131988   \n",
       " 18    Hg  3.708544  3.526230  4.432137  2.596317  2.003302  2.575113   \n",
       " \n",
       "            6         7         8         9        10        11        12  \\\n",
       " 0   4.859925  4.049118  3.305100  5.400085  4.740199  4.360841  2.393718   \n",
       " 1   5.559267  4.679992  4.049101  5.535315  4.913269  4.739389  3.298430   \n",
       " 2   6.406397  5.559298  4.859950  6.465464  5.868471  5.685124  3.705873   \n",
       " 3   6.465385  5.535269  5.399955  5.186219  4.550687  4.955059  5.840023   \n",
       " 4   5.868423  4.913236  4.740120  4.550697  3.970112  4.328201  5.126896   \n",
       " 5   5.685015  4.739309  4.360696  4.955103  4.328231  4.437886  4.311497   \n",
       " 6   0.000000  0.963466  1.579739  3.543105  3.093398  2.054254  3.831574   \n",
       " 7   0.963466  0.000000  0.973688  3.012662  2.430514  1.371862  3.383624   \n",
       " 8   1.579739  0.973688  0.000000  3.680544  3.078947  2.097697  2.423350   \n",
       " 9   3.543105  3.012662  3.680544  0.000000  0.969185  1.693248  5.573087   \n",
       " 10  3.093398  2.430514  3.078947  0.969185  0.000000  1.069810  5.059822   \n",
       " 11  2.054254  1.371862  2.097697  1.693248  1.069810  0.000000  4.268331   \n",
       " 12  3.831574  3.383624  2.423350  5.573087  5.059822  4.268331  0.000000   \n",
       " 13  3.434457  2.871399  1.922375  5.134343  4.494228  3.727776  0.966775   \n",
       " 14  3.706119  3.298708  2.393976  5.840340  5.127097  4.311878  1.521335   \n",
       " 15  7.169777  6.370630  6.716514  4.128274  4.136402  5.130793  7.921272   \n",
       " 16  6.346211  5.568766  5.968786  3.455942  3.338885  4.332951  7.353641   \n",
       " 17  6.621459  5.928024  6.437649  3.750231  3.652679  4.669955  8.025338   \n",
       " 18  4.432211  3.526286  3.708577  2.596345  2.003349  2.575100  4.957291   \n",
       " \n",
       "           13        14        15        16        17        18  \n",
       " 0   1.922071  2.423152  6.438127  5.969356  6.717075  3.708544  \n",
       " 1   2.871108  3.383437  5.928718  5.569567  6.371388  3.526230  \n",
       " 2   3.434185  3.831388  6.622267  6.347116  7.170626  4.432137  \n",
       " 3   5.133946  5.572620  3.752594  3.458391  4.130377  2.596317  \n",
       " 4   4.493947  5.059504  3.654136  3.340433  4.137679  2.003302  \n",
       " 5   3.727341  4.267909  4.671206  4.334290  5.131988  2.575113  \n",
       " 6   3.434457  3.706119  7.169777  6.346211  6.621459  4.432211  \n",
       " 7   2.871399  3.298708  6.370630  5.568766  5.928024  3.526286  \n",
       " 8   1.922375  2.393976  6.716514  5.968786  6.437649  3.708577  \n",
       " 9   5.134343  5.840340  4.128274  3.455942  3.750231  2.596345  \n",
       " 10  4.494228  5.127097  4.136402  3.338885  3.652679  2.003349  \n",
       " 11  3.727776  4.311878  5.130793  4.332951  4.669955  2.575100  \n",
       " 12  0.966775  1.521335  7.921272  7.353641  8.025338  4.957291  \n",
       " 13  0.000000  0.966781  7.343494  6.717600  7.343566  4.301860  \n",
       " 14  0.966781  0.000000  8.025461  7.353844  7.921532  4.957235  \n",
       " 15  7.343494  8.025461  0.000000  0.965231  1.534377  3.097979  \n",
       " 16  6.717600  7.353844  0.965231  0.000000  0.965236  2.415740  \n",
       " 17  7.343566  7.921532  1.534377  0.965236  0.000000  3.097984  \n",
       " 18  4.301860  4.957235  3.097979  2.415740  3.097984  0.000000  ,\n",
       " '/home/edison/repositories/radial_distribution/files_xyz/mp2/w6s3.xyz':    atoms         0          1          2          3         4         5  \\\n",
       " 0     Hg  0.000000   6.594516   7.105905   7.281634  4.580752  4.859491   \n",
       " 1      O  6.594516   0.000000   0.965101   1.045660  2.495867  3.125206   \n",
       " 2      H  7.105905   0.965101   0.000000   1.664409  3.009866  3.515057   \n",
       " 3      H  7.281634   1.045660   1.664409   0.000000  3.097601  3.609078   \n",
       " 4      O  4.580752   2.495867   3.009866   3.097601  0.000000  0.961358   \n",
       " 5      H  4.859491   3.125206   3.515057   3.609078  0.961358  0.000000   \n",
       " 6      H  5.731063   1.032669   1.654678   1.761169  1.464072  2.133692   \n",
       " 7      O  8.294716   2.469423   2.991032   1.425443  4.198369  4.588114   \n",
       " 8      H  9.008516   3.134848   3.483897   2.122893  4.742564  4.968911   \n",
       " 9      H  8.739799   3.061901   3.588117   2.090211  4.912027  5.398087   \n",
       " 10     O  1.999857   8.435920   9.016337   9.039635  6.429605  6.658710   \n",
       " 11     H  2.714162   9.252756   9.794628   9.874378  7.124528  7.245179   \n",
       " 12     H  2.599148   8.797922   9.399997   9.390851  6.969409  7.299700   \n",
       " 13     O  3.861897  10.333175  10.830052  10.966778  8.084783  8.077436   \n",
       " 14     H  4.473483  10.994364  11.445147  11.677211  8.784342  8.792971   \n",
       " 15     H  4.533614  10.866794  11.403702  11.439263  8.568016  8.503867   \n",
       " 16     O  1.924646   4.882917   5.291431   5.667909  2.897773  3.252283   \n",
       " 17     H  3.645895   3.171563   3.660434   3.874588  0.971077  1.553748   \n",
       " 18     H  2.407452   5.103652   5.352590   5.995263  3.344216  3.688276   \n",
       " \n",
       "             6          7          8          9         10         11  \\\n",
       " 0    5.731063   8.294716   9.008516   8.739799   1.999857   2.714162   \n",
       " 1    1.032669   2.469423   3.134848   3.061901   8.435920   9.252756   \n",
       " 2    1.654678   2.991032   3.483897   3.588117   9.016337   9.794628   \n",
       " 3    1.761169   1.425443   2.122893   2.090211   9.039635   9.874378   \n",
       " 4    1.464072   4.198369   4.742564   4.912027   6.429605   7.124528   \n",
       " 5    2.133692   4.588114   4.968911   5.398087   6.658710   7.245179   \n",
       " 6    0.000000   3.060684   3.676863   3.744829   7.588341   8.362768   \n",
       " 7    3.060684   0.000000   0.962813   0.963180   9.927373  10.779100   \n",
       " 8    3.676863   0.962813   0.000000   1.545977  10.649519  11.463161   \n",
       " 9    3.744829   0.963180   1.545977   0.000000  10.300741  11.200466   \n",
       " 10   7.588341   9.927373  10.649519  10.300741   0.000000   1.058537   \n",
       " 11   8.362768  10.779100  11.463161  11.200466   1.058537   0.000000   \n",
       " 12   8.018230  10.254673  11.025257  10.548359   0.966488   1.669751   \n",
       " 13   9.399913  11.882562  12.515262  12.361324   2.449395   1.393450   \n",
       " 14  10.075561  12.646992  13.295020  13.124031   3.098079   2.076809   \n",
       " 15   9.916075  12.278003  12.878211  12.759531   3.036576   2.050587   \n",
       " 16   4.004299   6.820104   7.501851   7.353651   3.921725   4.579987   \n",
       " 17   2.193866   5.008074   5.625664   5.638851   5.539799   6.240446   \n",
       " 18   4.296261   7.252791   7.929421   7.795674   4.351814   4.921225   \n",
       " \n",
       "            12         13         14         15        16        17        18  \n",
       " 0    2.599148   3.861897   4.473483   4.533614  1.924646  3.645895  2.407452  \n",
       " 1    8.797922  10.333175  10.994364  10.866794  4.882917  3.171563  5.103652  \n",
       " 2    9.399997  10.830052  11.445147  11.403702  5.291431  3.660434  5.352590  \n",
       " 3    9.390851  10.966778  11.677211  11.439263  5.667909  3.874588  5.995263  \n",
       " 4    6.969409   8.084783   8.784342   8.568016  2.897773  0.971077  3.344216  \n",
       " 5    7.299700   8.077436   8.792971   8.503867  3.252283  1.553748  3.688276  \n",
       " 6    8.018230   9.399913  10.075561   9.916075  4.004299  2.193866  4.296261  \n",
       " 7   10.254673  11.882562  12.646992  12.278003  6.820104  5.008074  7.252791  \n",
       " 8   11.025257  12.515262  13.295020  12.878211  7.501851  5.625664  7.929421  \n",
       " 9   10.548359  12.361324  13.124031  12.759531  7.353651  5.638851  7.795674  \n",
       " 10   0.966488   2.449395   3.098079   3.036576  3.921725  5.539799  4.351814  \n",
       " 11   1.669751   1.393450   2.076809   2.050587  4.579987  6.240446  4.921225  \n",
       " 12   0.000000   2.975006   3.460135   3.530520  4.468298  6.075504  4.861013  \n",
       " 13   2.975006   0.000000   0.964125   0.964467  5.581764  7.226834  5.835959  \n",
       " 14   3.460135   0.964125   0.000000   1.547169  6.159715  7.898451  6.287180  \n",
       " 15   3.530520   0.964467   1.547169   0.000000  6.238950  7.759184  6.581830  \n",
       " 16   4.468298   5.581764   6.159715   6.238950  0.000000  1.930979  0.969116  \n",
       " 17   6.075504   7.226834   7.898451   7.759184  1.930979  0.000000  2.438442  \n",
       " 18   4.861013   5.835959   6.287180   6.581830  0.969116  2.438442  0.000000  ,\n",
       " '/home/edison/repositories/radial_distribution/files_xyz/mp2/w6s2.xyz':    atoms          0          1          2         3         4         5  \\\n",
       " 0      H   0.000000   0.964803   1.552046  5.170235  4.959749  3.664601   \n",
       " 1      O   0.964803   0.000000   0.964040  4.720864  4.354849  3.032188   \n",
       " 2      H   1.552046   0.964040   0.000000  5.495863  5.015609  3.683594   \n",
       " 3      H   5.170235   4.720864   5.495863  0.000000  0.968367  2.092948   \n",
       " 4      O   4.959749   4.354849   5.015609  0.968367  0.000000  1.589607   \n",
       " 5      H   3.664601   3.032188   3.683594  2.092948  1.589607  0.000000   \n",
       " 6      H   9.766148   9.055848   9.345472  6.517823  6.145569  7.396118   \n",
       " 7      O   9.387604   8.707559   9.084050  5.773753  5.491403  6.846833   \n",
       " 8      H  10.011755   9.384283   9.815236  6.208999  6.058397  7.486214   \n",
       " 9      H   9.175050   8.409703   8.810398  4.861409  4.488123  5.830449   \n",
